started .... 
step0:5.87828103667651458152931809308938682079315185546875 .... Increase: False .... Decrease: False
step50:0.64968013231185461897609911829931661486625671386719 .... Increase: False .... Decrease: True
